(0, 0, 0) -> 0
(0, 0, -5) -> 0
(0, 0, -10) -> 0
(0, 0, -15) -> 0
(0, 0, -20) -> 0
(0, 0, -25) -> 0
(0, 10, 10) -> 0
(0, 10, 5) -> 0
(0, 10, 0) -> 0
(0, 10, -5) -> 0
(0, 10, -10) -> 0
(0, 10, -15) -> 0
(0, 20, 20) -> 0
(0, 20, 15) -> 0
(0, 20, 10) -> 0
(0, 20, 5) -> 0
(0, 20, 0) -> 0
(0, 20, -5) -> 0
(0, 30, 30) -> 0
(0, 30, 25) -> 0
(0, 30, 20) -> 0
(0, 30, 15) -> 0
(0, 30, 10) -> 0
(0, 30, 5) -> 0
(0, 40, 40) -> 0
(0, 40, 35) -> 0
(0, 40, 30) -> 0
(0, 40, 25) -> 0
(0, 40, 20) -> 0
(0, 40, 15) -> 0
(0, 50, 50) -> 0
(0, 50, 45) -> 0
(0, 50, 40) -> 0
(0, 50, 35) -> 0
(0, 50, 30) -> 0
(0, 50, 25) -> 0
(0, 60, 60) -> 0
(0, 60, 55) -> 0
(0, 60, 50) -> 0
(0, 60, 45) -> 0
(0, 60, 40) -> 0
(0, 60, 35) -> 0
(0, 70, 70) -> 0
(0, 70, 65) -> 0
(0, 70, 60) -> 0
(0, 70, 55) -> 0
(0, 70, 50) -> 0
(0, 70, 45) -> 0
(0, 80, 80) -> 0
(0, 80, 75) -> 0
(0, 80, 70) -> 0
(0, 80, 65) -> 0
(0, 80, 60) -> 0
(0, 80, 55) -> 0
(0, 90, 90) -> 0
(0, 90, 85) -> 0
(0, 90, 80) -> 0
(0, 90, 75) -> 0
(0, 90, 70) -> 0
(0, 90, 65) -> 0
(0, 100, 100) -> 0
(0, 100, 95) -> 0
(0, 100, 90) -> 0
(0, 100, 85) -> 0
(0, 100, 80) -> 0
(0, 100, 75) -> 0
(5, 0, 0) -> 30
(5, 0, -5) -> 30
(5, 0, -10) -> 30
(5, 0, -15) -> 30
(5, 0, -20) -> 30
(5, 0, -25) -> 30
(5, 10, 10) -> 5
(5, 10, 5) -> 10
(5, 10, 0) -> 30
(5, 10, -5) -> 30
(5, 10, -10) -> 30
(5, 10, -15) -> 30
(5, 20, 20) -> 5
(5, 20, 15) -> 7
(5, 20, 10) -> 10
(5, 20, 5) -> 20
(5, 20, 0) -> 30
(5, 20, -5) -> 30
(5, 30, 30) -> 5
(5, 30, 25) -> 6
(5, 30, 20) -> 8
(5, 30, 15) -> 10
(5, 30, 10) -> 15
(5, 30, 5) -> 30
(5, 40, 40) -> 5
(5, 40, 35) -> 6
(5, 40, 30) -> 7
(5, 40, 25) -> 8
(5, 40, 20) -> 10
(5, 40, 15) -> 13
(5, 50, 50) -> 5
(5, 50, 45) -> 6
(5, 50, 40) -> 6
(5, 50, 35) -> 7
(5, 50, 30) -> 8
(5, 50, 25) -> 10
(5, 60, 60) -> 5
(5, 60, 55) -> 5
(5, 60, 50) -> 6
(5, 60, 45) -> 7
(5, 60, 40) -> 8
(5, 60, 35) -> 9
(5, 70, 70) -> 5
(5, 70, 65) -> 5
(5, 70, 60) -> 6
(5, 70, 55) -> 6
(5, 70, 50) -> 7
(5, 70, 45) -> 8
(5, 80, 80) -> 5
(5, 80, 75) -> 5
(5, 80, 70) -> 6
(5, 80, 65) -> 6
(5, 80, 60) -> 7
(5, 80, 55) -> 7
(5, 90, 90) -> 5
(5, 90, 85) -> 5
(5, 90, 80) -> 6
(5, 90, 75) -> 6
(5, 90, 70) -> 6
(5, 90, 65) -> 7
(5, 100, 100) -> 5
(5, 100, 95) -> 5
(5, 100, 90) -> 6
(5, 100, 85) -> 6
(5, 100, 80) -> 6
(5, 100, 75) -> 7
(10, 0, 0) -> 30
(10, 0, -5) -> 30
(10, 0, -10) -> 30
(10, 0, -15) -> 30
(10, 0, -20) -> 30
(10, 0, -25) -> 30
(10, 10, 10) -> 10
(10, 10, 5) -> 20
(10, 10, 0) -> 30
(10, 10, -5) -> 30
(10, 10, -10) -> 30
(10, 10, -15) -> 30
(10, 20, 20) -> 10
(10, 20, 15) -> 13
(10, 20, 10) -> 20
(10, 20, 5) -> 40
(10, 20, 0) -> 30
(10, 20, -5) -> 30
(10, 30, 30) -> 10
(10, 30, 25) -> 12
(10, 30, 20) -> 15
(10, 30, 15) -> 20
(10, 30, 10) -> 30
(10, 30, 5) -> 60
(10, 40, 40) -> 10
(10, 40, 35) -> 11
(10, 40, 30) -> 13
(10, 40, 25) -> 16
(10, 40, 20) -> 20
(10, 40, 15) -> 27
(10, 50, 50) -> 10
(10, 50, 45) -> 11
(10, 50, 40) -> 13
(10, 50, 35) -> 14
(10, 50, 30) -> 17
(10, 50, 25) -> 20
(10, 60, 60) -> 10
(10, 60, 55) -> 11
(10, 60, 50) -> 12
(10, 60, 45) -> 13
(10, 60, 40) -> 15
(10, 60, 35) -> 17
(10, 70, 70) -> 10
(10, 70, 65) -> 11
(10, 70, 60) -> 12
(10, 70, 55) -> 13
(10, 70, 50) -> 14
(10, 70, 45) -> 16
(10, 80, 80) -> 10
(10, 80, 75) -> 11
(10, 80, 70) -> 11
(10, 80, 65) -> 12
(10, 80, 60) -> 13
(10, 80, 55) -> 15
(10, 90, 90) -> 10
(10, 90, 85) -> 11
(10, 90, 80) -> 11
(10, 90, 75) -> 12
(10, 90, 70) -> 13
(10, 90, 65) -> 14
(10, 100, 100) -> 10
(10, 100, 95) -> 11
(10, 100, 90) -> 11
(10, 100, 85) -> 12
(10, 100, 80) -> 13
(10, 100, 75) -> 13
(15, 0, 0) -> 30
(15, 0, -5) -> 30
(15, 0, -10) -> 30
(15, 0, -15) -> 30
(15, 0, -20) -> 30
(15, 0, -25) -> 30
(15, 10, 10) -> 15
(15, 10, 5) -> 30
(15, 10, 0) -> 30
(15, 10, -5) -> 30
(15, 10, -10) -> 30
(15, 10, -15) -> 30
(15, 20, 20) -> 15
(15, 20, 15) -> 20
(15, 20, 10) -> 30
(15, 20, 5) -> 60
(15, 20, 0) -> 30
(15, 20, -5) -> 30
(15, 30, 30) -> 15
(15, 30, 25) -> 18
(15, 30, 20) -> 23
(15, 30, 15) -> 30
(15, 30, 10) -> 45
(15, 30, 5) -> 90
(15, 40, 40) -> 15
(15, 40, 35) -> 17
(15, 40, 30) -> 20
(15, 40, 25) -> 24
(15, 40, 20) -> 30
(15, 40, 15) -> 40
(15, 50, 50) -> 15
(15, 50, 45) -> 17
(15, 50, 40) -> 19
(15, 50, 35) -> 21
(15, 50, 30) -> 25
(15, 50, 25) -> 30
(15, 60, 60) -> 15
(15, 60, 55) -> 16
(15, 60, 50) -> 18
(15, 60, 45) -> 20
(15, 60, 40) -> 23
(15, 60, 35) -> 26
(15, 70, 70) -> 15
(15, 70, 65) -> 16
(15, 70, 60) -> 18
(15, 70, 55) -> 19
(15, 70, 50) -> 21
(15, 70, 45) -> 23
(15, 80, 80) -> 15
(15, 80, 75) -> 16
(15, 80, 70) -> 17
(15, 80, 65) -> 18
(15, 80, 60) -> 20
(15, 80, 55) -> 22
(15, 90, 90) -> 15
(15, 90, 85) -> 16
(15, 90, 80) -> 17
(15, 90, 75) -> 18
(15, 90, 70) -> 19
(15, 90, 65) -> 21
(15, 100, 100) -> 15
(15, 100, 95) -> 16
(15, 100, 90) -> 17
(15, 100, 85) -> 18
(15, 100, 80) -> 19
(15, 100, 75) -> 20
(20, 0, 0) -> 30
(20, 0, -5) -> 30
(20, 0, -10) -> 30
(20, 0, -15) -> 30
(20, 0, -20) -> 30
(20, 0, -25) -> 30
(20, 10, 10) -> 20
(20, 10, 5) -> 40
(20, 10, 0) -> 30
(20, 10, -5) -> 30
(20, 10, -10) -> 30
(20, 10, -15) -> 30
(20, 20, 20) -> 20
(20, 20, 15) -> 27
(20, 20, 10) -> 40
(20, 20, 5) -> 80
(20, 20, 0) -> 30
(20, 20, -5) -> 30
(20, 30, 30) -> 20
(20, 30, 25) -> 24
(20, 30, 20) -> 30
(20, 30, 15) -> 40
(20, 30, 10) -> 60
(20, 30, 5) -> 120
(20, 40, 40) -> 20
(20, 40, 35) -> 23
(20, 40, 30) -> 27
(20, 40, 25) -> 32
(20, 40, 20) -> 40
(20, 40, 15) -> 53
(20, 50, 50) -> 20
(20, 50, 45) -> 22
(20, 50, 40) -> 25
(20, 50, 35) -> 29
(20, 50, 30) -> 33
(20, 50, 25) -> 40
(20, 60, 60) -> 20
(20, 60, 55) -> 22
(20, 60, 50) -> 24
(20, 60, 45) -> 27
(20, 60, 40) -> 30
(20, 60, 35) -> 34
(20, 70, 70) -> 20
(20, 70, 65) -> 22
(20, 70, 60) -> 23
(20, 70, 55) -> 25
(20, 70, 50) -> 28
(20, 70, 45) -> 31
(20, 80, 80) -> 20
(20, 80, 75) -> 21
(20, 80, 70) -> 23
(20, 80, 65) -> 25
(20, 80, 60) -> 27
(20, 80, 55) -> 29
(20, 90, 90) -> 20
(20, 90, 85) -> 21
(20, 90, 80) -> 23
(20, 90, 75) -> 24
(20, 90, 70) -> 26
(20, 90, 65) -> 28
(20, 100, 100) -> 20
(20, 100, 95) -> 21
(20, 100, 90) -> 22
(20, 100, 85) -> 24
(20, 100, 80) -> 25
(20, 100, 75) -> 27
(25, 0, 0) -> 30
(25, 0, -5) -> 30
(25, 0, -10) -> 30
(25, 0, -15) -> 30
(25, 0, -20) -> 30
(25, 0, -25) -> 30
(25, 10, 10) -> 25
(25, 10, 5) -> 50
(25, 10, 0) -> 30
(25, 10, -5) -> 30
(25, 10, -10) -> 30
(25, 10, -15) -> 30
(25, 20, 20) -> 25
(25, 20, 15) -> 33
(25, 20, 10) -> 50
(25, 20, 5) -> 100
(25, 20, 0) -> 30
(25, 20, -5) -> 30
(25, 30, 30) -> 25
(25, 30, 25) -> 30
(25, 30, 20) -> 38
(25, 30, 15) -> 50
(25, 30, 10) -> 75
(25, 30, 5) -> 150
(25, 40, 40) -> 25
(25, 40, 35) -> 29
(25, 40, 30) -> 33
(25, 40, 25) -> 40
(25, 40, 20) -> 50
(25, 40, 15) -> 67
(25, 50, 50) -> 25
(25, 50, 45) -> 28
(25, 50, 40) -> 31
(25, 50, 35) -> 36
(25, 50, 30) -> 42
(25, 50, 25) -> 50
(25, 60, 60) -> 25
(25, 60, 55) -> 27
(25, 60, 50) -> 30
(25, 60, 45) -> 33
(25, 60, 40) -> 38
(25, 60, 35) -> 43
(25, 70, 70) -> 25
(25, 70, 65) -> 27
(25, 70, 60) -> 29
(25, 70, 55) -> 32
(25, 70, 50) -> 35
(25, 70, 45) -> 39
(25, 80, 80) -> 25
(25, 80, 75) -> 27
(25, 80, 70) -> 29
(25, 80, 65) -> 31
(25, 80, 60) -> 33
(25, 80, 55) -> 36
(25, 90, 90) -> 25
(25, 90, 85) -> 26
(25, 90, 80) -> 28
(25, 90, 75) -> 30
(25, 90, 70) -> 32
(25, 90, 65) -> 35
(25, 100, 100) -> 25
(25, 100, 95) -> 26
(25, 100, 90) -> 28
(25, 100, 85) -> 29
(25, 100, 80) -> 31
(25, 100, 75) -> 33
(30, 0, 0) -> 30
(30, 0, -5) -> 30
(30, 0, -10) -> 30
(30, 0, -15) -> 30
(30, 0, -20) -> 30
(30, 0, -25) -> 30
(30, 10, 10) -> 30
(30, 10, 5) -> 60
(30, 10, 0) -> 30
(30, 10, -5) -> 30
(30, 10, -10) -> 30
(30, 10, -15) -> 30
(30, 20, 20) -> 30
(30, 20, 15) -> 40
(30, 20, 10) -> 60
(30, 20, 5) -> 120
(30, 20, 0) -> 30
(30, 20, -5) -> 30
(30, 30, 30) -> 30
(30, 30, 25) -> 36
(30, 30, 20) -> 45
(30, 30, 15) -> 60
(30, 30, 10) -> 90
(30, 30, 5) -> 180
(30, 40, 40) -> 30
(30, 40, 35) -> 34
(30, 40, 30) -> 40
(30, 40, 25) -> 48
(30, 40, 20) -> 60
(30, 40, 15) -> 80
(30, 50, 50) -> 30
(30, 50, 45) -> 33
(30, 50, 40) -> 38
(30, 50, 35) -> 43
(30, 50, 30) -> 50
(30, 50, 25) -> 60
(30, 60, 60) -> 30
(30, 60, 55) -> 33
(30, 60, 50) -> 36
(30, 60, 45) -> 40
(30, 60, 40) -> 45
(30, 60, 35) -> 51
(30, 70, 70) -> 30
(30, 70, 65) -> 32
(30, 70, 60) -> 35
(30, 70, 55) -> 38
(30, 70, 50) -> 42
(30, 70, 45) -> 47
(30, 80, 80) -> 30
(30, 80, 75) -> 32
(30, 80, 70) -> 34
(30, 80, 65) -> 37
(30, 80, 60) -> 40
(30, 80, 55) -> 44
(30, 90, 90) -> 30
(30, 90, 85) -> 32
(30, 90, 80) -> 34
(30, 90, 75) -> 36
(30, 90, 70) -> 39
(30, 90, 65) -> 42
(30, 100, 100) -> 30
(30, 100, 95) -> 32
(30, 100, 90) -> 33
(30, 100, 85) -> 35
(30, 100, 80) -> 38
(30, 100, 75) -> 40
(35, 0, 0) -> 30
(35, 0, -5) -> 30
(35, 0, -10) -> 30
(35, 0, -15) -> 30
(35, 0, -20) -> 30
(35, 0, -25) -> 30
(35, 10, 10) -> 35
(35, 10, 5) -> 70
(35, 10, 0) -> 30
(35, 10, -5) -> 30
(35, 10, -10) -> 30
(35, 10, -15) -> 30
(35, 20, 20) -> 35
(35, 20, 15) -> 47
(35, 20, 10) -> 70
(35, 20, 5) -> 140
(35, 20, 0) -> 30
(35, 20, -5) -> 30
(35, 30, 30) -> 35
(35, 30, 25) -> 42
(35, 30, 20) -> 53
(35, 30, 15) -> 70
(35, 30, 10) -> 105
(35, 30, 5) -> 210
(35, 40, 40) -> 35
(35, 40, 35) -> 40
(35, 40, 30) -> 47
(35, 40, 25) -> 56
(35, 40, 20) -> 70
(35, 40, 15) -> 93
(35, 50, 50) -> 35
(35, 50, 45) -> 39
(35, 50, 40) -> 44
(35, 50, 35) -> 50
(35, 50, 30) -> 58
(35, 50, 25) -> 70
(35, 60, 60) -> 35
(35, 60, 55) -> 38
(35, 60, 50) -> 42
(35, 60, 45) -> 47
(35, 60, 40) -> 53
(35, 60, 35) -> 60
(35, 70, 70) -> 35
(35, 70, 65) -> 38
(35, 70, 60) -> 41
(35, 70, 55) -> 45
(35, 70, 50) -> 49
(35, 70, 45) -> 54
(35, 80, 80) -> 35
(35, 80, 75) -> 37
(35, 80, 70) -> 40
(35, 80, 65) -> 43
(35, 80, 60) -> 47
(35, 80, 55) -> 51
(35, 90, 90) -> 35
(35, 90, 85) -> 37
(35, 90, 80) -> 39
(35, 90, 75) -> 42
(35, 90, 70) -> 45
(35, 90, 65) -> 48
(35, 100, 100) -> 35
(35, 100, 95) -> 37
(35, 100, 90) -> 39
(35, 100, 85) -> 41
(35, 100, 80) -> 44
(35, 100, 75) -> 47
