# nubosidad (%), modelo combustible -> sombreado (%)
8, 7 -> 75
(0, 0) -> 0
(0, 1) -> 0
(0, 2) -> 0
(0, 3) -> 0
(0, 4) -> 0
(0, 5) -> 0
(0, 6) -> 0
(0, 7) -> 75
(0, 8) -> 75
(0, 9) -> 75
(0, 10) -> 75
(0, 11) -> 75
(0, 12) -> 75
(5, 0) -> 3.75
(5, 1) -> 3.75
(5, 2) -> 3.75
(5, 3) -> 3.75
(5, 4) -> 3.75
(5, 5) -> 3.75
(5, 6) -> 3.75
(5, 7) -> 75
(5, 8) -> 75
(5, 9) -> 75
(5, 10) -> 75
(5, 11) -> 75
(5, 12) -> 75
(10, 0) -> 7.5
(10, 1) -> 7.5
(10, 2) -> 7.5
(10, 3) -> 7.5
(10, 4) -> 7.5
(10, 5) -> 7.5
(10, 6) -> 7.5
(10, 7) -> 75
(10, 8) -> 75
(10, 9) -> 75
(10, 10) -> 75
(10, 11) -> 75
(10, 12) -> 75
(15, 0) -> 11.25
(15, 1) -> 11.25
(15, 2) -> 11.25
(15, 3) -> 11.25
(15, 4) -> 11.25
(15, 5) -> 11.25
(15, 6) -> 11.25
(15, 7) -> 75
(15, 8) -> 75
(15, 9) -> 75
(15, 10) -> 75
(15, 11) -> 75
(15, 12) -> 75
(20, 0) -> 15
(20, 1) -> 15
(20, 2) -> 15
(20, 3) -> 15
(20, 4) -> 15
(20, 5) -> 15
(20, 6) -> 15
(20, 7) -> 75
(20, 8) -> 75
(20, 9) -> 75
(20, 10) -> 75
(20, 11) -> 75
(20, 12) -> 75
(25, 0) -> 18.75
(25, 1) -> 18.75
(25, 2) -> 18.75
(25, 3) -> 18.75
(25, 4) -> 18.75
(25, 5) -> 18.75
(25, 6) -> 18.75
(25, 7) -> 75
(25, 8) -> 75
(25, 9) -> 75
(25, 10) -> 75
(25, 11) -> 75
(25, 12) -> 75
(30, 0) -> 22.5
(30, 1) -> 22.5
(30, 2) -> 22.5
(30, 3) -> 22.5
(30, 4) -> 22.5
(30, 5) -> 22.5
(30, 6) -> 22.5
(30, 7) -> 75
(30, 8) -> 75
(30, 9) -> 75
(30, 10) -> 75
(30, 11) -> 75
(30, 12) -> 75
(35, 0) -> 26.25
(35, 1) -> 26.25
(35, 2) -> 26.25
(35, 3) -> 26.25
(35, 4) -> 26.25
(35, 5) -> 26.25
(35, 6) -> 26.25
(35, 7) -> 75
(35, 8) -> 75
(35, 9) -> 75
(35, 10) -> 75
(35, 11) -> 75
(35, 12) -> 75
(40, 0) -> 30
(40, 1) -> 30
(40, 2) -> 30
(40, 3) -> 30
(40, 4) -> 30
(40, 5) -> 30
(40, 6) -> 30
(40, 7) -> 75
(40, 8) -> 75
(40, 9) -> 75
(40, 10) -> 75
(40, 11) -> 75
(40, 12) -> 75
(45, 0) -> 33.75
(45, 1) -> 33.75
(45, 2) -> 33.75
(45, 3) -> 33.75
(45, 4) -> 33.75
(45, 5) -> 33.75
(45, 6) -> 33.75
(45, 7) -> 75
(45, 8) -> 75
(45, 9) -> 75
(45, 10) -> 75
(45, 11) -> 75
(45, 12) -> 75
(50, 0) -> 37.5
(50, 1) -> 37.5
(50, 2) -> 37.5
(50, 3) -> 37.5
(50, 4) -> 37.5
(50, 5) -> 37.5
(50, 6) -> 37.5
(50, 7) -> 75
(50, 8) -> 75
(50, 9) -> 75
(50, 10) -> 75
(50, 11) -> 75
(50, 12) -> 75
(55, 0) -> 41.25
(55, 1) -> 41.25
(55, 2) -> 41.25
(55, 3) -> 41.25
(55, 4) -> 41.25
(55, 5) -> 41.25
(55, 6) -> 41.25
(55, 7) -> 75
(55, 8) -> 75
(55, 9) -> 75
(55, 10) -> 75
(55, 11) -> 75
(55, 12) -> 75
(60, 0) -> 45
(60, 1) -> 45
(60, 2) -> 45
(60, 3) -> 45
(60, 4) -> 45
(60, 5) -> 45
(60, 6) -> 45
(60, 7) -> 75
(60, 8) -> 75
(60, 9) -> 75
(60, 10) -> 75
(60, 11) -> 75
(60, 12) -> 75
(65, 0) -> 48.75
(65, 1) -> 48.75
(65, 2) -> 48.75
(65, 3) -> 48.75
(65, 4) -> 48.75
(65, 5) -> 48.75
(65, 6) -> 48.75
(65, 7) -> 75
(65, 8) -> 75
(65, 9) -> 75
(65, 10) -> 75
(65, 11) -> 75
(65, 12) -> 75
(70, 0) -> 52.5
(70, 1) -> 52.5
(70, 2) -> 52.5
(70, 3) -> 52.5
(70, 4) -> 52.5
(70, 5) -> 52.5
(70, 6) -> 52.5
(70, 7) -> 100
(70, 8) -> 100
(70, 9) -> 100
(70, 10) -> 100
(70, 11) -> 100
(70, 12) -> 100
(75, 0) -> 56.25
(75, 1) -> 56.25
(75, 2) -> 56.25
(75, 3) -> 56.25
(75, 4) -> 56.25
(75, 5) -> 56.25
(75, 6) -> 56.25
(75, 7) -> 100
(75, 8) -> 100
(75, 9) -> 100
(75, 10) -> 100
(75, 11) -> 100
(75, 12) -> 100
(80, 0) -> 60
(80, 1) -> 60
(80, 2) -> 60
(80, 3) -> 60
(80, 4) -> 60
(80, 5) -> 60
(80, 6) -> 60
(80, 7) -> 100
(80, 8) -> 100
(80, 9) -> 100
(80, 10) -> 100
(80, 11) -> 100
(80, 12) -> 100
(85, 0) -> 63.75
(85, 1) -> 63.75
(85, 2) -> 63.75
(85, 3) -> 63.75
(85, 4) -> 63.75
(85, 5) -> 63.75
(85, 6) -> 63.75
(85, 7) -> 100
(85, 8) -> 100
(85, 9) -> 100
(85, 10) -> 100
(85, 11) -> 100
(85, 12) -> 100
(90, 0) -> 67.5
(90, 1) -> 67.5
(90, 2) -> 67.5
(90, 3) -> 67.5
(90, 4) -> 67.5
(90, 5) -> 67.5
(90, 6) -> 67.5
(90, 7) -> 100
(90, 8) -> 100
(90, 9) -> 100
(90, 10) -> 100
(90, 11) -> 100
(90, 12) -> 100
(95, 0) -> 71.25
(95, 1) -> 71.25
(95, 2) -> 71.25
(95, 3) -> 71.25
(95, 4) -> 71.25
(95, 5) -> 71.25
(95, 6) -> 71.25
(95, 7) -> 100
(95, 8) -> 100
(95, 9) -> 100
(95, 10) -> 100
(95, 11) -> 100
(95, 12) -> 100
#(-10, -5) -> -999
#(-10, -4) -> -999
#(-10, -3) -> -999
#(-10, -2) -> -999
#(-10, -1) -> -999
#(-5, -5) -> -999
#(-5, -4) -> -999
#(-5, -3) -> -999
#(-5, -2) -> -999
#(-5, -1) -> -999
(100, 1) -> 75
(105, 1) -> 78.75
(110, 1) -> 82.5
(115, 1) -> 86.25
